[[[0, 0, 0, 0, 10], [0.9263959390862944, 0.013904648153677729, 0.04568527918781727, 1, 0.0], [0.8756345177664975, 0.0063202946153080655, 0.11167512690355332, 1, 0.0], [0.9756240822320117, 0.0, 0.026872246696035287, 1, 0.0], [0.9254038179148311, 0.0, 0.07621145374449345, 1, 0.0], [0.8751835535976504, 0.0, 0.1255506607929516, 1, 0.0]], 
[[0, 0, 0, 0, 10], [0.9263959390862944, 0.013904648153677729, 0.04568527918781727, 1, 0.0], [0.8756345177664975, 0.0063202946153080655, 0.11167512690355332, 1, 0.0], [0.9756240822320117, 0.0, 0.026872246696035287, 1, 0.0], [0.9254038179148311, 0.0, 0.07621145374449345, 1, 0.0], [0.8751835535976504, 0.0, 0.1255506607929516, 1, 0.0]], 
[[0, 0, 0, 0, 10], [0.9263959390862944, 0.013904648153677729, 0.04568527918781727, 1, 0.0], [0.8756345177664975, 0.0063202946153080655, 0.11167512690355332, 1, 0.0], [0.9756240822320117, 0.0, 0.026872246696035287, 1, 0.0], [0.9254038179148311, 0.0, 0.07621145374449345, 1, 0.0], [0.8751835535976504, 0.0, 0.1255506607929516, 1, 0.0]], 
[[0, 0, 0, 0, 10], [0.9263959390862944, 0.013904648153677729, 0.04568527918781727, 1, 0.0], [0.8756345177664975, 0.0063202946153080655, 0.11167512690355332, 1, 0.0], [0.9756240822320117, 0.0, 0.026872246696035287, 1, 0.0], [0.9254038179148311, 0.0, 0.07621145374449345, 1, 0.0], [0.8751835535976504, 0.0, 0.1255506607929516, 1, 0.0]], 
[[0, 0, 0, 0, 10], [0.9263959390862944, 0.013904648153677729, 0.04568527918781727, 1, 0.0], [0.8756345177664975, 0.0063202946153080655, 0.11167512690355332, 1, 0.0], [0.9756240822320117, 0.0, 0.026872246696035287, 1, 0.0], [0.9254038179148311, 0.0, 0.07621145374449345, 1, 0.0], [0.8751835535976504, 0.0, 0.1255506607929516, 1, 0.0]], 
[[0, 0, 0, 0, 10], [0.9263959390862944, 0.013904648153677729, 0.04568527918781727, 1, 0.0], [0.8756345177664975, 0.0063202946153080655, 0.11167512690355332, 1, 0.0], [0.9756240822320117, 0.0, 0.026872246696035287, 1, 0.0], [0.9254038179148311, 0.0, 0.07621145374449345, 1, 0.0], [0.8751835535976504, 0.0, 0.1255506607929516, 1, 0.0]], 
[[0, 0, 0, 0, 10], [0.9263959390862944, 0.013904648153677729, 0.04568527918781727, 1, 0.0], [0.8756345177664975, 0.0063202946153080655, 0.11167512690355332, 1, 0.0], [0.9756240822320117, 0.0, 0.026872246696035287, 1, 0.0], [0.9254038179148311, 0.0, 0.07621145374449345, 1, 0.0], [0.8751835535976504, 0.0, 0.1255506607929516, 1, 0.0]],
[[0, 0, 0, 0, 10], [0.9263959390862944, 0.013904648153677729, 0.04568527918781727, 1, 0.0], [0.8756345177664975, 0.0063202946153080655, 0.11167512690355332, 1, 0.0], [0.9756240822320117, 0.0, 0.026872246696035287, 1, 0.0], [0.9254038179148311, 0.0, 0.07621145374449345, 1, 0.0], [0.8751835535976504, 0.0, 0.1255506607929516, 1, 0.0]], 
[[0, 0, 0, 0, 10], [0.9263959390862944, 0.013904648153677729, 0.04568527918781727, 1, 0.0], [0.8756345177664975, 0.0063202946153080655, 0.11167512690355332, 1, 0.0], [0.9756240822320117, 0.0, 0.026872246696035287, 1, 0.0], [0.9254038179148311, 0.0, 0.07621145374449345, 1, 0.0], [0.8751835535976504, 0.0, 0.1255506607929516, 1, 0.0]], 
[[0, 0, 0, 0, 10], [0.9263959390862944, 0.013904648153677729, 0.04568527918781727, 1, 0.0], [0.8756345177664975, 0.0063202946153080655, 0.11167512690355332, 1, 0.0], [0.9756240822320117, 0.0, 0.026872246696035287, 1, 0.0], [0.9254038179148311, 0.0, 0.07621145374449345, 1, 0.0], [0.8751835535976504, 0.0, 0.1255506607929516, 1, 0.0]], 
[[0, 0, 0, 0, 10], [0.9263959390862944, 0.013904648153677729, 0.04568527918781727, 1, 0.0], [0.8756345177664975, 0.0063202946153080655, 0.11167512690355332, 1, 0.0], [0.9756240822320117, 0.0, 0.026872246696035287, 1, 0.0], [0.9254038179148311, 0.0, 0.07621145374449345, 1, 0.0], [0.8751835535976504, 0.0, 0.1255506607929516, 1, 0.0]], 
[[0, 0, 0, 0, 10], [0.9263959390862944, 0.013904648153677729, 0.04568527918781727, 1, 0.0], [0.8756345177664975, 0.0063202946153080655, 0.11167512690355332, 1, 0.0], [0.9756240822320117, 0.0, 0.026872246696035287, 1, 0.0], [0.9254038179148311, 0.0, 0.07621145374449345, 1, 0.0], [0.8751835535976504, 0.0, 0.1255506607929516, 1, 0.0]], 
[[0, 0, 0, 0, 10], [0.9263959390862944, 0.013904648153677729, 0.04568527918781727, 1, 0.0], [0.8756345177664975, 0.0063202946153080655, 0.11167512690355332, 1, 0.0], [0.9756240822320117, 0.0, 0.026872246696035287, 1, 0.0], [0.9254038179148311, 0.0, 0.07621145374449345, 1, 0.0], [0.8751835535976504, 0.0, 0.1255506607929516, 1, 0.0]],
[[0, 0, 0, 0, 10], [0.9263959390862944, 0.013904648153677729, 0.04568527918781727, 1, 0.0], [0.8756345177664975, 0.0063202946153080655, 0.11167512690355332, 1, 0.0], [0.9756240822320117, 0.0, 0.026872246696035287, 1, 0.0], [0.9254038179148311, 0.0, 0.07621145374449345, 1, 0.0], [0.8751835535976504, 0.0, 0.1255506607929516, 1, 0.0]], 
[[0, 0, 0, 0, 10], [0.9263959390862944, 0.013904648153677729, 0.04568527918781727, 1, 0.0], [0.8756345177664975, 0.0063202946153080655, 0.11167512690355332, 1, 0.0], [0.9756240822320117, 0.0, 0.026872246696035287, 1, 0.0], [0.9254038179148311, 0.0, 0.07621145374449345, 1, 0.0], [0.8751835535976504, 0.0, 0.1255506607929516, 1, 0.0]], 
[[0, 0, 0, 0, 10], [0.9263959390862944, 0.013904648153677729, 0.04568527918781727, 1, 0.0], [0.8756345177664975, 0.0063202946153080655, 0.11167512690355332, 1, 0.0], [0.9756240822320117, 0.0, 0.026872246696035287, 1, 0.0], [0.9254038179148311, 0.0, 0.07621145374449345, 1, 0.0], [0.8751835535976504, 0.0, 0.1255506607929516, 1, 0.0]], 
[[0, 0, 0, 0, 10], [0.9263959390862944, 0.013904648153677729, 0.04568527918781727, 1, 0.0], [0.8756345177664975, 0.0063202946153080655, 0.11167512690355332, 1, 0.0], [0.9756240822320117, 0.0, 0.026872246696035287, 1, 0.0], [0.9254038179148311, 0.0, 0.07621145374449345, 1, 0.0], [0.8751835535976504, 0.0, 0.1255506607929516, 1, 0.0]],
[[0, 0, 0, 0, 10], [0.9263959390862944, 0.013904648153677729, 0.04568527918781727, 1, 0.0], [0.8756345177664975, 0.0063202946153080655, 0.11167512690355332, 1, 0.0], [0.9756240822320117, 0.0, 0.026872246696035287, 1, 0.0], [0.9254038179148311, 0.0, 0.07621145374449345, 1, 0.0], [0.8751835535976504, 0.0, 0.1255506607929516, 1, 0.0]], 
[[0, 0, 0, 0, 10], [0.9263959390862944, 0.013904648153677729, 0.04568527918781727, 1, 0.0], [0.8756345177664975, 0.0063202946153080655, 0.11167512690355332, 1, 0.0], [0.9756240822320117, 0.0, 0.026872246696035287, 1, 0.0], [0.9254038179148311, 0.0, 0.07621145374449345, 1, 0.0], [0.8751835535976504, 0.0, 0.1255506607929516, 1, 0.0]], 
[[0, 0, 0, 0, 10], [0.9263959390862944, 0.013904648153677729, 0.04568527918781727, 1, 0.0], [0.8756345177664975, 0.0063202946153080655, 0.11167512690355332, 1, 0.0], [0.9756240822320117, 0.0, 0.026872246696035287, 1, 0.0], [0.9254038179148311, 0.0, 0.07621145374449345, 1, 0.0], [0.8751835535976504, 0.0, 0.1255506607929516, 1, 0.0]]]